1.0829897363587571
1.03361245879495
1.0523376765928558
1.1374781981385202
1.1655288144832694
1.0395262670833152
0.93655661656270983
2.3775417216721122
2.1277371987882034
0.9804218384054082
1.1034207492859021
2.3269529852347741
2.2486347631439632
2.8598226164235103
0.65731681289608923
2.2596477938358128
2.7597392140468662
0.77820817608008708
0.9804218384054082
2.6490813000451485
2.1634884809575889
3.1469849912147785
2.6439705563602445
2.20515933205605
3.2134007354935892
3.04890196843567
2.7428521893686448
2.55606294656281
2.771216131210406
2.093897300942055
2.2159201481882218
3.002681406606416
2.71509858203887
1.0179533960998659
1.9036564851758278
1.0213695025957223
1.2273778520386716
0.92554773890589392
2.3309255520506285
2.1522648826888218
2.3205082917642428
0.99783556120019457
2.2105535852046541
2.268204481278322
3.2338745778450857
0.94070493807062994
2.5790136766195193
2.3092631879118777
1.8759028778460523
2.6442214658923562
2.8195803744537771
0.93202802960522713
1.9834648541096171
2.3109125394245007
2.6398165484616829
0.85369003554425871
1.9190898973401069
0.89728208509814245
1.0355444452289302
2.207338275032555
2.6348606916513888
3.1951095224688038
0.93034321274317555
2.6220097874059909
1.0006817861285269
2.2469282978034997
1.846138203188727
3.08845473867641
1.0173650898421867
2.0324829315238744
2.8162353613488351
2.5560667283677478
0.85122595201641327
2.6854518073812632
2.9654239914272442
2.3367233540460708
1.9220518416726349
2.9823443401609691
2.2875981309756406
0.8946785332692595
0.99900653820362062
2.8065351666249336
3.0984622736571996
2.930687615857305
2.7144179644145905
3.0459350942178016
2.7386606767674282
2.3411813500516825
0.9991904650326553
2.6109907544531969
0.92838862124677179
0.916385003805534
0.96949030479916909
0.78989172793805384
3.1747073860797959
0.9602697770536166
1.0034925388104936
2.7018356026437744
1.2072781026607213
2.2151018405001088
2.2228596141095536
2.3540279870463987
2.1326237712631846
2.7315956802461394
2.7530788549481686
2.3746873716409693
2.1538635890668649
2.9845416746519446
1.92678073400019
2.5790376960834163
2.3129405895615509
2.3228231287983094
2.1085759790515541
2.1872554311846404
1.6137198651129956
2.774269354027687
2.8338157804940227
3.0653279189219607
2.4391762224631321
2.4029630341940096
0.94608516403902021
0.99853214096428344
2.1386262788567918
0.8441008496982888
2.8373807862684437
2.655516976847565
2.7148212746645952
2.1417022312787233
0.99430541884345047
2.2157061806990863
2.2151101231238046
0.90796705969917813
0.87324806597238169
0.93130229198920578
2.3397961991945047
0.94143877107661877
2.0996258080375005
2.7473706859136873
0.93498897183848007
1.8892245182245402
0.97122506293684607
0.97339338508248985
2.0778360212778337
2.3041549053393591
3.1543787235484406
0.73075524826677607
1.1008587795129054
0.96722681038656577
1.978582133473161
2.8195609039002658
